12070,12225
12226,12381
12384,12539
12540,12694
12695,12850
12851,13006
13007,13162
13163,13318
13319,13474
13475,13630
13631,13786
13787,13942
13943,14098
14099,14254
14255,14410
14411,14566
14567,14724
14725,14880
14881,15036
15037,15192
15193,15348
15349,15504
15505,15659
15660,15815
15816,15971
15972,16126
16127,16282
16283,16438
16439,16594
16595,16750
16751,16906
16907,17062
17063,17218
17219,17374
17375,17530
17531,17686
17684,17842
17843,17998
17999,18154
18155,18310
18311,18466
18467,18622
18623,18778
18779,18934
18935,19090
19091,19246
19247,19402
19403,19558
19559,19714
19715,19869
19870,20025
20026,20181
20182,20337
20338,20493
20494,20649
20650,20805
20806,20961
20962,21117
21118,21273
21274,21429
21430,21563
21570,21685
21722,21836
21968,22090